#' Advent of Code 2023 solutions
#' @export
aoc_solutions <- list(
  day01a = 55017L,
  day01b = 53539L,
  day02a = 2486L,
  day02b = 87984L,
  day03a = 507214L,
  day03b = 72553319L,
  day04a = 20117L,
  day04b = 13768818L,
  day05a = 389056265L,
  day05b = 137516820L,
  day06a = 345015L,
  day06b = 42588603L,
  day07a = 249638405,
  day07b = 249776650,
  day08a = 13771L,
  day08b = 13129439557681,
  day09a = 1684566095,
  day09b = 1136L,
  day10a = 6897L,
  day10b = 367L,
  day11a = 9918828L,
  day11b = 692506533832,
  day12a = 7705L,
  day12b = NA,
  day13a = 34100L,
  day13b = 33106L,
  day14a = 103333L,
  day14b = 97241L,
  day15a = 511498L,
  day15b = NA,
  day16a = NA,
  day16b = NA,
  day17a = NA,
  day17b = NA,
  day18a = NA,
  day18b = NA,
  day19a = NA,
  day19b = NA,
  day20a = NA,
  day20b = NA,
  day21a = NA,
  day21b = NA,
  day22a = NA,
  day22b = NA,
  day23a = NA,
  day23b = NA,
  day24a = NA,
  day24b = NA,
  day25a = NA,
  day25b = NA
)
